35
357
321
299
284
292
295
319
359
368
402
402
399
395
353
323
315
299
307
300
330
342
2
361
372
370
381
357
321
299
284
292
295
319
359
368
402
402
399
395
353
323
315
299
307
300
330
342
309
308
322
323
354
358
479
395
362
325
314
294
303
333
345
367
376
383
393
356
338
340
301
305
318
318
353
365
376
393
355
339
293
291
293
415
354
367
390
397
398
394
352
334
302
401
304
301
315
344
362
387
382
383
384
336
323
323
300
310
312
319
358
364
401
423
413
443
378
317
387
262
250
266
317
355
412
414
431
426
396
378
318
369
273
255
264
316
340
371
411
424
423
376
338
315
273
279
285
320
367
380
439
417
392
368
353
331
318
305
303
319
328
346
371
381
385
365
331
305
286
301
310
307
342
352
452
389
386
450
379
354
403
347
329
434
337
336
332
367
366
351
348
333
320
325
328
339
346
361
391
370
371
367
330
320
305
300
317
320
405
371
375
443
417
411
385
363
300
243
249
245
264
325
364
398
436
446
422
395
350
306
288
268
271
277
305
353
365
398
404
380
378
349
415
329
307
301
317
322
342
348
381
372
465
367
335
317
323
318
335
329
343
365
363
389
381
367
369
337
436
327
303
309
314
332
351
355
374
359
373
354
339
342
327
332
337
442
365
348
344
342
337
335
345
357
340
339
350
345
363
358
368
360
419
360
326
308
317
312
330
322
347
360
377
388
364
351
349
336
335
323
337
325
335
355
344
356
343
348
347
356
370
341
333
347
341
353
327
335
336
353
368
349
345
359
346
362
343
341
338
348
362
339
336
352
349
356
345
363
354
410
360
336
328
336
339
355
340
358
351
442
369
354
370
391
427
481
464
342
487
441
428
348
229
201
179
683
684
342
342
420
371
424
317
283
327
399
386
362
301
261
266
324
193
0
201
270
214
365
363
236
392
654
660
647
604
522
414
316
177
94
58
77
195
270
445
533
620
655
647
550
396
261
110
40
53
106
200
285
436
566
583
527
439
341
356
353
365
355
366
492
420
358
398
330
341
351
380
370
383
351
356
349
453
353
319
308
321
327
333
327
358
349
359
384
362
351
332
331
345
323
337
330
328
346
329
407
377
387
436
302
242
249
296
341
391
466
475
462
425
376
321
242
204
187
213
287
340
408
449
461
442
413
364
330
283
258
243
283
309
349
367
408
419
522
423
379
485
346
292
262
272
277
291
329
357
383
400
398
418
390
374
345
334
329
294
273
306
317
314
322
344
367
392
399
387
374
344
348
321
330
328
321
337
312
306
322
319
328
335
376
363
370
374
366
390
349
323
301
291
270
310
339
366
431
386
372
331
338
293
289
291
354
381
372
386
379
386
351
320
275
316
301
306
430
407
413
429
526
436
375
334
293
300
259
257
286
316
347
395
399
396
403
395
384
378
325
304
351
340
343
348
354
375
357
341
390
338
312
310
302
332
329
336
379
389
405
393
373
337
298
305
277
284
336
351
372
388
392
386
361
363
329
313
329
321
341
330
343
347
402
372
354
354
346
350
348
395
365
343
337
350
336
342
315
327
330
357
382
372
372
382
370
356
320
322
307
304
336
336
350
351
381
365
355
352
337
326
407
347
336
352
351
385
385
382
389
364
336
313
319
287
288
309
326
351
361
394
382
369
374
344
343
321
328
343
349
380
349
453
339
310
305
316
325
341
348
385
375
462
375
338
320
326
320
337
323
343
344
396
370
344
330
342
335
354
335
344
344
392
372
348
328
337
326
334
322
344
348
410
387
367
352
348
329
333
295
317
328
337
367
346
368
389
