300
333
330
347
346
368
358
352
365
340
348
334
336
349
337
344
332
358
367
341
342
370
361
384
362
362
343
403
331
302
302
364
361
350
365
417
431
399
399
352
314
287
271
299
289
326
337
366
390
412
440
395
200
304
0
0
0
515
683
682
683
683
683
587
181
0
0
0
0
0
233
497
678
683
682
681
597
400
205
64
18
0
176
228
334
450
564
588
570
525
428
332
249
189
186
181
236
299
359
432
444
449
460
410
382
320
297
273
310
314
305
330
334
354
366
411
408
372
361
369
352
362
320
304
298
298
331
327
402
398
385
462
414
378
348
349
315
309
320
316
436
357
368
414
392
375
357
356
357
315
300
294
287
297
306
347
356
412
403
387
357
349
325
320
311
398
340
340
342
367
369
368
361
347
360
337
358
348
331
370
364
344
351
334
344
338
337
337
354
345
340
341
343
358
349
353
358
370
352
336
326
314
339
321
328
341
365
369
377
403
374
355
327
311
291
313
304
325
340
388
385
388
388
353
336
293
294
284
406
340
349
384
400
411
404
362
343
270
315
318
339
374
386
394
389
361
355
313
286
291
279
345
335
349
367
400
405
396
396
366
325
313
292
277
297
302
316
357
365
433
398
383
369
376
356
338
341
335
300
302
311
306
334
345
362
390
382
436
399
363
332
318
290
283
300
314
342
354
385
393
475
413
375
341
320
289
296
281
304
327
367
400
396
400
408
387
373
322
291
264
301
293
297
330
370
398
417
419
429
385
367
329
281
257
269
279
322
337
372
406
415
431
404
390
356
295
367
292
281
376
370
389
397
423
398
369
364
354
338
324
303
368
305
314
369
353
363
376
387
384
349
331
328
293
298
303
330
346
361
395
385
385
385
360
332
326
327
300
311
309
304
326
331
345
368
373
372
369
388
360
343
344
325
322
321
325
349
378
351
353
353
369
356
348
433
364
335
350
327
337
341
324
360
346
347
374
330
430
353
321
337
319
337
351
353
380
365
368
347
351
339
341
357
343
343
340
333
331
330
356
342
390
379
366
362
375
356
325
319
303
304
319
332
357
368
382
408
384
358
337
296
294
287
335
357
351
372
393
377
370
