382
429
432
411
337
258
217
195
212
262
313
367
425
468
450
405
381
369
310
284
279
294
301
319
344
368
420
388
377
366
361
335
311
299
313
357
326
340
358
394
382
375
369
362
345
329
315
337
317
342
326
345
333
369
362
318
304
319
317
329
386
404
400
435
429
464
385
316
278
292
292
286
317
347
353
368
367
379
363
336
357
330
342
343
336
439
370
356
464
382
358
344
358
341
355
327
334
330
425
367
353
350
350
345
341
327
347
334
415
364
346
341
368
363
352
361
343
324
332
329
326
340
345
347
357
360
372
355
355
368
328
321
316
308
340
332
343
380
381
386
370
375
334
317
297
320
307
344
344
372
387
481
405
365
343
329
314
327
295
306
337
326
353
388
378
395
392
370
378
339
310
319
290
334
335
330
352
384
382
381
405
388
354
340
309
285
293
294
304
344
370
387
411
400
367
355
326
297
307
309
322
370
383
382
393
358
320
319
289
277
314
327
359
410
410
446
393
345
402
311
288
391
336
352
402
420
394
370
363
328
300
312
311
306
341
383
369
384
390
369
352
336
338
329
318
333
328
325
353
356
348
358
346
330
340
336
315
330
323
312
327
328
331
237
207
179
262
369
381
450
482
543
533
449
410
302
315
207
251
282
315
310
339
400
413
435
415
505
392
347
307
311
314
319
318
322
363
352
440
367
353
368
362
334
318
294
305
289
354
386
363
317
426
349
340
359
302
270
268
236
314
330
405
465
458
485
470
408
444
348
276
48
0
0
0
0
0
185
684
0
0
0
0
685
684
685
685
685
189
0
0
0
0
0
0
588
685
685
685
685
685
683
77
0
0
0
0
0
168
612
684
685
686
685
683
402
91
0
0
0
0
128
345
553
682
684
683
597
464
294
156
94
65
105
179
313
402
485
556
547
505
426
351
292
220
207
208
259
315
351
388
450
452
437
414
366
330
288
267
279
273
312
351
374
401
398
376
377
365
336
332
310
289
305
320
323
352
384
357
364
384
349
349
340
344
337
324
330
312
364
335
335
336
376
398
378
392
362
364
348
359
341
321
367
337
334
350
343
357
358
359
354
351
329
332
394
411
333
300
287
325
324
334
358
366
370
471
388
354
339
318
333
320
343
334
354
361
366
380
373
372
348
348
324
375
332
324
336
353
384
367
385
352
347
336
328
346
332
357
330
333
331
348
370
355
346
372
351
330
328
308
295
312
321
343
355
369
380
411
399
368
356
329
333
309
316
309
320
333
342
373
366
365
361
375
345
335
324
325
328
364
360
345
349
361
358
363
334
340
333
341
365
356
452
364
351
338
351
335
321
326
311
300
313
326
344
370
381
388
376
368
374
348
343
354
318
320
338
316
323
346
352
349
337
314
325
285
324
363
438
374
377
400
382
352
310
295
289
303
328
319
373
373
380
404
403
379
370
345
342
314
307
323
341
328
343
347
375
369
360
365
348
331
339
325
332
327
344
330
328
331
344
353
381
367
360
432
365
334
328
338
363
353
351
365
381
353
330
323
312
324
306
327
337
347
374
379
377
368
366
358
341
353
333
314
334
319
333
347
463
384
370
365
369
353
355
320
319
315
323
346
344
350
371
370
366
373
363
351
327
311
316
305
323
363
350
365
386
367
361
353
329
321
314
313
320
332
342
358
381
372
368
361
335
328
338
312
321
348
335
354
375
361
367
365
337
337
340
326
340
347
342
358
361
356
364
356
337
345
342
327
338
334
331
352
353
355
368
354
331
337
332
241
151
0
0
0
0
534
684
0
683
684
684
685
685
544
0
0
0
0
0
0
315
683
685
684
684
685
654
288
0
0
0
0
0
196
430
645
684
684
682
591
329
183
97
32
68
150
265
391
605
588
590
571
