332
343
469
397
368
329
325
366
353
377
396
367
356
351
324
318
311
351
326
336
367
359
373
370
405
359
334
336
309
305
353
365
340
368
363
389
375
363
375
332
325
295
308
302
314
358
360
380
394
433
380
360
352
312
306
290
322
311
326
375
368
398
386
406
370
345
352
303
306
288
308
318
338
386
375
387
384
414
358
334
339
303
312
301
341
334
352
376
374
371
444
411
380
343
307
270
270
297
354
353
353
398
380
384
369
353
335
327
382
368
330
343
299
328
309
326
358
377
381
384
384
383
398
356
360
324
334
320
314
336
323
356
348
362
366
364
390
347
455
359
327
320
343
330
346
337
344
347
383
381
355
348
334
357
333
329
390
367
336
351
344
382
349
347
356
346
341
340
338
331
329
343
344
347
350
367
359
360
347
343
351
334
334
400
373
342
346
351
349
357
341
363
332
442
358
330
328
355
345
358
365
363
374
341
333
320
433
356
331
339
353
398
363
363
363
343
334
329
357
322
375
351
335
343
370
364
386
362
362
348
337
358
313
312
292
326
324
323
357
356
378
383
384
371
352
417
332
343
469
397
368
329
325
366
353
377
396
367
356
351
324
318
311
351
326
336
367
359
373
370
405
359
334
336
309
305
353
365
340
368
363
389
375
363
375
332
325
295
308
302
314
358
360
380
394
433
380
360
352
312
306
290
322
311
326
375
368
398
386
406
370
345
352
303
306
288
308
318
338
386
375
387
384
414
358
334
339
303
312
301
341
334
352
376
374
371
444
411
380
343
307
270
270
297
354
353
353
398
380
384
369
353
335
327
382
368
330
343
299
328
309
326
358
377
381
384
384
383
398
356
360
324
334
320
314
336
323
356
348
362
366
364
390
347
455
359
327
320
343
330
346
337
344
347
383
381
355
348
334
357
333
329
390
367
336
351
344
382
349
347
356
346
341
340
338
331
329
343
344
347
350
367
359
360
347
343
351
334
334
400
373
342
346
351
349
357
341
363
332
442
358
330
328
355
345
358
365
363
374
341
333
320
433
356
331
339
353
398
363
363
363
343
334
329
357
322
375
351
335
343
370
364
386
362
362
348
337
358
313
312
292
326
324
323
357
356
378
383
384
371
352
417