801
812
817
824
842
848
855
858
857
849
841
817
793
776
771
768
768
768
766
764
764
766
766
766
768
768
762
768
806
882
1005
1024
1024
1024
793
710
681
681
726
760
776
778
775
769
772
774
775
777
777
781
781
783
783
788
793
794
795
798
798
801
804
810
805
802
805
813
817
820
822
829
831
830
830
832
834
836
841
841
834
831
825
819
812
814
806
799
798
797
786
785
783
780
783
786
778
782
781
778
780
782
784
787
788
792
797
792
788
786
785
788
787
788
785
792
788
790
792
793
792
792
792
788
784
787
788
793
792
800
814
819
823
835
849
856
860
858
856
856
842
818
796
776
774
774
769
768
777
778
770
768
770
773
776
776
768
766
802
877
999
1024
1024
1024
834
712
677
682
722
763
783
785
784
781
775
778
778
783
787
788
787
786
784
788
792
795
795
800
802
804
807
811
814
816
812
816
820
820
824
826
829
829
831
835
841
841
841
838
837
838
833
825
820
812
805
795
786
790
787
784
777
777
776
777
778
777
776
776
778
782
785
783
782
785
789
790
785
780
785
786
785
786
787
786
787
788
784
782
785
784
787
792
786
784
785
784
782
790
794
807
814
817
829
846
854
857
855
853
852
834
810
784
771
765
765
764
762
760
762
760
763
764
766
764
764
759
760
795
865
988
1024
1024
1024
805
669
652
687
739
769
778
776
772
771
773
774
772
775
776
778
778
784
787
790
794
793
797
802
800
801
802
807
811
814
817
824
823
820
825
833
840
842
840
841
847
847
847
847
847
848
845
832
823
816
810
802
809
813
824
837
845
849
846
845
834
813
792
773
762
763
762
760
760
763
759
758
759
760
758
757
753
754
785
850
966
1024
1024
1024
885
739
679
665
681
727
754
763
764
765
758
759
765
766
769
768
768
775
777
781
782
783
787
788
786
788
793
794
795
800
807
807
807
811
813
817
820
824
826
826
826
830
831
834
834
833
830
826
813
809
805
799
794
786
782
778
775
774
776
776
777
781
781
778
780
776
775
783
786
783
784
786
782
781
783
786
786
787
787
786
786
788
792
788
787
788
797
807
813
819
828
845
852
859
856
852
849
834
806
781
772
768
765
763
764
764
763
764
763
765
765
763
760
759
776
823
914
1024
1024
1024
967
777
702
674
677
724
763
773
769
765
766
766
769
773
775
778
778
781
783
784
766
765
766
766
764
763
758
774
825
920
1024
1024
1024
957
777
706
679
686
725
760
775
772
765
765
769
772
775
777
780
782
782
785
787
788
790
793
792
795
798
800
802
804
805
812
814
817
821
822
819
823
830
834
833
833
838
842
845
834
832
831
830
819
809
801
794
787
781
778
778
777
778
778
778
776
780
782
783
781
782
785
785
783
783
782
784
785
786
784
783
781
782
787
785
785
787
792
797
804
812
820
834
844
848
854
855
855
848
826
798
776
765
764
764
763
760
760
765